31 17
48 11
64 10
82 26
43 32
62 39
21 8
36 5
56 3
66 4
80 11
174 35
183 17
206 12
227 16
215 33
197 38
173 14
186 6
205 3
220 4
230 5
94 136
159 137
112 146
145 149
127 164
128 133
127 110
127 80
126 31
76 171
80 174
85 179
91 181
95 181
101 181
105 180
109 182
116 182
121 180
127 178
134 179
139 181
146 183
153 185
160 183
166 182
169 181
176 179
175 179
4 23
129 188
6 52
7 81
11 115
10 141
13 183
51 185
81 187
181 187
217 187
248 186
249 143
250 122
250 84
251 51
251 19
1 1
254 1
254 188
1 188
127 1
254 94
127 188
1 94