30 14
38 10
50 8
60 7
69 11
78 16
33 20
39 29
48 35
56 39
65 37
80 34
87 29
174 23
181 18
188 16
197 13
207 13
215 14
222 15
176 29
183 34
190 38
198 40
205 38
212 33
221 27
226 22
74 37
85 21
127 30
130 42
131 55
127 66
128 78
128 87
130 102
132 117
130 134
129 152
93 132
111 145
130 166
146 145
167 123
103 142
117 157
140 156
157 139
87 180
98 183
110 182
121 180
127 177
137 181
148 183
158 184
168 184
175 178
6 15
8 26
10 41
11 55
11 70
13 84
14 96
15 108
15 123
16 136
14 150
14 162
16 173
15 185
33 187
47 187
63 187
75 187
85 186
99 187
110 187
124 188
135 187
148 187
164 187
179 188
192 187
203 188
213 188
226 188
242 187
247 14
248 23
247 37
247 48
247 60
249 70
248 79
248 91
249 100
248 112
250 123
250 135
250 144
248 157
250 167
249 178
251 186
1 1
254 1
254 188
1 188
127 1
254 94
127 188
1 94
