52 32
56 26
65 24
73 25
80 28
84 31
90 34
98 37
132 38
137 35
141 33
147 32
155 31
160 31
164 31
172 33
60 45
65 42
72 40
77 40
87 40
92 45
95 50
62 47
67 51
73 54
79 55
85 53
93 49
134 51
137 46
145 44
152 42
159 43
167 48
139 55
147 55
154 57
161 55
166 49
42 40
42 56
43 74
46 97
48 115
53 131
60 144
67 153
77 161
84 168
95 174
111 179
124 180
138 175
148 165
160 158
166 146
173 134
179 118
182 100
182 85
182 72
181 59
180 46
114 49
115 62
115 75
114 88
112 105
99 101
129 103
90 130
98 126
108 123
118 125
125 125
136 131
93 139
105 147
121 147
132 141
96 133
107 134
120 134
129 133
1 1
254 1
254 188
1 188
127 1
254 94
127 188
1 94
