38 43
39 66
43 89
47 112
54 133
66 153
83 167
100 178
117 181
135 177
151 165
165 152
176 135
184 116
189 95
192 74
192 53
48 30
59 22
73 22
87 26
99 33
131 34
144 29
157 26
170 27
180 33
116 48
115 64
115 80
115 96
101 103
108 106
115 109
122 106
128 104
65 45
74 40
85 41
94 50
83 52
73 51
136 51
144 43
155 43
165 49
157 54
146 54
89 131
97 125
107 123
114 125
122 123
131 126
140 132
132 141
123 146
115 146
106 145
97 141
93 131
106 131
114 132
122 131
135 132
122 132
114 133
107 132
1 1
254 1
254 188
1 188
127 1
254 94
127 188
1 94
